walls

0 0 0 5107 130 25000

1117 130 0 1247 805 25000

4847 130 0 4977 900 25000

1117 1680 0 1247 1810 25000

4847 1680 0 4977 1810 25000

0 1810 0 4977 1940 25000

0 1940 0 1117 2070 25000

1117 1940  0 1247 3197 25000

1117 3197 0 2790 3327 25000

2660 3197 0 2790 3327 25000

2660 3075 0 2790 3327 25000

2660 1940 0 2790 2070 25000

1117 5055 0 5237 5185 25000

1117 5185 0 1247 6000 25000

4847 5185 0 5107 5315 25000

1117 7555 0 1247 8255 25000

1117 8255 0 5800 8385 25000

4847 6140 0 5107 8255 25000

5107 6270 0 5500 6400 25000

6800 8255 0 12442 8385 25000

7312 6270 0 7444 8255 25000

6317 6270 0 7312 6400 25000

6602 6140 0 6732 6270 25000

11009 8125 0 11139 8255 25000

11009 675 0 11139 3075 25000

12312  8200 0 12442  8255 25000

6317 5055 0 11009 5185 25000

6602 5185 0 6732 5315 25000

6943 4925 0 7073 5055 25000

11009 4925 0 11139 5799 25000

11139 5569 0 11269 5799 25000

12182 5569 0 12312 5799 25000

12312 5569 0 12442 5830 25000

11139 4925 0 12442 5055 25000

6057 0 0 6187 130 25000

6187 0 0 6317 545 25000

6187 545 0 12442 675 25000

6187 675 0 6943 805 25000

6943 675  0 7073 3925 25000


door


7073 4875 0 7679 4925 20000

6732 5315 0 7744 5365 20000

5107 130 0 5157 900 20000

3847 5315 0 4847 5365 20000

3947 1610 0 4900 1660 20000

2790 2070 0 3790 2020 20000

130  1630 0 1117 1680 20000

6267 6400 0   6317 7400 20000

walls


6943 3925 20000 7073 4925 25000

6602 5315 20000 6732 6140 25000

5107 0 20000 6057 50 25000

4847 5315 20000 5107 6140 25000

4847 900 20000 4977 168 25000

2660 1940 20000 2790 3075 25000

1117 675  20000 1247 1810 25000

1117 6000 0 1247 7555 4000 
1117 6000 21000 1247 7555 25000

5800 8255 0 6800  8385 4000
5800 8255 21000 6800  8385 25000

1117  3327 0 1247 5055 4000

12312 5799 0 12442 8255 10000
12312 675 0 12442 4925 10000
11139 5669 0 12312 5799 25000

floor

0 0 -200 1117 2070 0
1117 0 -200 6317 8385 0
6317 545 -200 12442 8385 0

ceiling

0 0 25000 1117 2070 25050
1117 0 25000 6317 8385 25050
6317 545 25000 12442 8385 25050


